35597 15557
19550 22330
1085 37227
4821 45382
19918 305
31807 166
6873 49107
33659 30126
44521 13933
37132 25058
48322 34193
44641 3910
34731 49706
20428 14684
28433 8526
15211 30383
40435 1114
19065 41520
38341 40238
3255 24611
40544 35062
41130 47417
34170 24789
43896 45043
38722 31028
36453 3397
15221 31094
23659 16304
47152 44087
30989 41938
18965 12552
22321 9401
13666 7738
17273 18360
47976 36880
9323 38520
21943 453
2290 22465
25242 46186
33860 30317
43566 36665
33714 8787
34111 7373
25092 47616
17812 22433
39554 36777
34985 28227
12530 15004
35965 29804
49716 293
16684 9039
38814 4979
9493 7456
43796 34735
19994 44008
31404 13560
30673 31470
38699 14785
5195 30143
28753 23007
18928 18307
26137 3914
12886 5019
35270 48851
34823 34986
49144 17860
44025 4310
39191 19870
28118 32988
20958 14464
26996 2362
28024 24022
33833 33076
5159 39028
29571 33912
28388 48500
18571 20877
18766 31457
25896 4036
46660 10720
39022 12156
44932 49399
32819 34123
19270 10937
17111 40228
25402 10460
8942 19778
34482 42775
2854 5993
48156 48778
39905 26544
47278 8476
13773 32396
39933 39669
36432 2945
16741 41806
15101 11673
7557 47920
45797 26827
8858 29260
